 & 0.85618\% & 94.35484\% & 4.78898\% & 0.00000\% \\
 & 0.83434\% & 95.67708\% & 3.46673\% & 0.02184\% \\
 & 0.83165\% & 4.88004\% & 94.26378\% & 0.02453\% \\
 & 0.51411\% & 99.12030\% & 0.02352\% & 0.34207\% \\
 & 0.52319\% & 99.10215\% & 0.04167\% & 0.33300\% \\
 & 0.51344\% & 99.11794\% & 0.02587\% & 0.34274\% \\
 & 11.55292\% & 52.41604\% & 36.03083\% & 0.00021\% \\
 & 6.02079\% & 82.91235\% & 5.53452\% & 5.53234\% \\
 & 11.43257\% & 2.45941\% & 85.98746\% & 0.12057\% \\
 & 11.13491\% & 79.48320\% & 8.96366\% & 0.41822\% \\
 & 11.31537\% & 79.22745\% & 9.21942\% & 0.23776\% \\
 & 9.56727\% & 81.01028\% & 7.43658\% & 1.98586\% \\
 & 0.96965\% & 97.23753\% & 1.79278\% & 0.00004\% \\
 & 0.96908\% & 97.63876\% & 1.39155\% & 0.00061\% \\
 & 0.94964\% & 3.24444\% & 95.78587\% & 0.02005\% \\
 & 0.91632\% & 98.99234\% & 0.03798\% & 0.05337\% \\
 & 0.91632\% & 98.99234\% & 0.03798\% & 0.05337\% \\
 & 0.90011\% & 99.01328\% & 0.01703\% & 0.06958\% \\
 & 7.13483\% & 87.17198\% & 5.69291\% & 0.00028\% \\
 & 7.06760\% & 89.90926\% & 2.95563\% & 0.06751\% \\
 & 7.11535\% & 0.44895\% & 92.41594\% & 0.01976\% \\
 & 6.92048\% & 92.61644\% & 0.24845\% & 0.21463\% \\
 & 7.04181\% & 91.56882\% & 1.29607\% & 0.09330\% \\
 & 6.84841\% & 92.67194\% & 0.19295\% & 0.28670\% \\
 & 31.93193\% & 58.49424\% & 9.57383\% & 0.00000\% \\
 & 31.76465\% & 59.27848\% & 8.78959\% & 0.16728\% \\
 & 31.87202\% & 3.21851\% & 64.84955\% & 0.05991\% \\
 & 31.91007\% & 59.23637\% & 8.83170\% & 0.02186\% \\
 & 31.91007\% & 59.23637\% & 8.83170\% & 0.02186\% \\
 & 31.76426\% & 59.31510\% & 8.75296\% & 0.16767\% \\
 & 9.94468\% & 86.98931\% & 3.06601\% & 0.00000\% \\
 & 8.87493\% & 87.61364\% & 2.44167\% & 1.06975\% \\
 & 9.94469\% & 26.53680\% & 63.51851\% & 0.00000\% \\
 & 9.93085\% & 87.30899\% & 2.74632\% & 0.01383\% \\
 & 9.93085\% & 87.30899\% & 2.74632\% & 0.01383\% \\
